WMO: 0.10526315789473684
Prius: 0.029411764705882353
Bacalhau: 0.5
WINS: 0.047619047619047616
Goyim: 0.11764705882352941
Dhu’l-Qarnain: 1.0
PWA: 0.01818181818181818
Hermans: 0.125
BIEN: 0.07142857142857142
World Development Indicators: 0.3333333333333333
UNHCR: 0.004155124653739612
Iblis: 0.16666666666666666
Slutwalk: 0.5
John Bunyan: 0.25
CITC: 0.25
RCMP: 0.05263157894736842
Imams: 0.020833333333333332
KJV: 0.014285714285714285

total_num: 18
1_num: 1
>=0.5_num: 3
