Riddhis: 1.0
Mleccha: 1.0
Abu Mazen: 0.024691358024691357
Canadian-Americans: 1.0
Semicha: 1.0
Nanay: 0.3333333333333333
Tatay: 1.0
John Bunyan: 0.25
Klal Yisrael: 0.6666666666666666
TheOnion.com: 1.0
IntercontinentalExchange: 1.0
S.G.: 0.16666666666666666
FPSG: 1.0
FP7: 0.017543859649122806
Hajj: 0.013157894736842105
Baloch: 0.034482758620689655
Salome: 0.034482758620689655
DOW: 0.1111111111111111
Indriyas: 0.1111111111111111
Chaldeans: 0.14285714285714285
O.T.C.: 1.0
BLS: 0.037037037037037035
Jaisalmer: 0.6666666666666666
Hades: 0.0273972602739726
UNEP: 0.01282051282051282
NFPA: 0.03333333333333333
End Child Prostitution and Trafficking: 1.0
Foundation for the Defense of Democracies: 0.5
MRAs: 0.5
Alamin: 1.0
Mi’kmaq: 0.5
Medicare+Choice: 1.0
Pantocrator: 1.0
BusinessWeek: 0.07692307692307693
Sirri: 1.0
IDAHOT: 1.0
Azel: 0.16666666666666666
ECIU: 0.14285714285714285
UdK: 0.3333333333333333
SSG: 0.05263157894736842
Seveso: 0.14285714285714285
Agni: 0.02040816326530612

total_num: 42
1_num: 15
>=0.5_num: 20
