Amitabha: 0.3333333333333333
Wal-Mart: 0.011235955056179775
HHS: 0.006535947712418301
Zoe Saldana: 0.3333333333333333
AO3: 0.1
Gianni Agnelli: 1.0
Walkley: 0.5
HRI: 0.006493506493506494
NACE: 0.041666666666666664
Celebrity Deathmatch: 0.5
ELC: 0.016129032258064516
Atatürkism: 0.5
Listening With Intent: 1.0
EGF: 0.008522727272727272
Catalunya: 0.1
Mo Salah: 0.1111111111111111
Achor: 0.07692307692307693
PSG: 0.00558659217877095
Sea of Thieves: 0.21739130434782608
MSF: 0.011904761904761904
Grundgesetz: 1.0
Saudi Arabians: 0.14285714285714285
Changelings: 1.0
Lexus: 0.02857142857142857
POTUS: 0.07017543859649122
EGO: 0.01
Live Music Capital of the World: 1.0
Raytheon: 0.043478260869565216
Jor-el: 0.6666666666666666
VMWare: 0.0625
Cray XC40: 0.2
Eichmann: 0.03225806451612903
Maryam: 0.002079002079002079
PIJ: 0.5
Rishabh: 0.5
Norvig: 0.04
Scrooge: 0.031746031746031744
CityAirbus: 0.3333333333333333
AGC: 0.021739130434782608
FYROM: 0.3333333333333333
LVM: 0.004366812227074236
John the Ripper: 0.1
Strauss Zelnick: 1.0
Fredrik Olsson: 1.0
Californian: 0.004672897196261682
USAID: 0.016666666666666666
UNHCR: 0.002631578947368421
Flavius Josephus: 0.3333333333333333
Rabbi Eliezer: 0.3333333333333333
SPS: 0.004901960784313725
ECOWAS: 0.014925373134328358
STOs: 0.07692307692307693
OTW: 0.022727272727272728
Pritzker Prize: 0.25
Eurodad: 0.5
Ake: 0.010309278350515464
WIPO: 0.008645533141210375
JCPOA: 0.023809523809523808
TNP: 0.05555555555555555
CND: 0.13333333333333333
Shi’ahs: 1.0
FinTech: 0.01639344262295082
True Wireless Stereo: 1.0
PlayMemories Camera Apps: 0.5
DXM: 1.0
Hottie: 0.6
NFPA: 0.01694915254237288
Bee Gees: 0.15
Translator Toolkit: 0.25
Least Angle Regression: 1.0
Mahashivaratri: 1.0
SoCal: 0.05263157894736842
EHR: 0.04477611940298507
Land of a Thousand Dances: 1.0
Sinim: 1.0
Irish Mist: 1.0
Eames: 0.10526315789473684
Flemming: 0.5

total_num: 78
1_num: 15
>=0.5_num: 25
